2 0.7234375 0.31171875 0.128125 0.140625
2 0.42265625 0.40234375 0.1625 0.17890625
2 0.175 0.59609375 0.06796875 0.0859375
2 0.29296875 0.62578125 0.13671875 0.10390625
2 0.1203125 0.7078125 0.09921875 0.0484375
2 0.33828125 0.7265625 0.1046875 0.05546875
2 0.46328125 0.69609375 0.13671875 0.08359375
2 0.7234375 0.6453125 0.10859375 0.10390625
2 0.68515625 0.4515625 0.103125 0.096875
2 0.8546875 0.59375 0.1375 0.0734375
2 0.96171875 0.52265625 0.0765625 0.0765625
2 0.8953125 0.3609375 0.20078125 0.178125
2 0.15546875 0.4890625 0.1109375 0.096875
2 0.546875 0.5234375 0.04765625 0.05859375
2 0.52421875 0.275 0.0734375 0.04140625
2 0.53046875 0.3765625 0.04140625 0.08046875