2 0.47890625 0.15703125 0.02734375 0.07578125
2 0.534375 0.09296875 0.06328125 0.07890625
2 0.3609375 0.06796875 0.08046875 0.08515625
2 0.44296875 0.3390625 0.05 0.075
2 0.3796875 0.4109375 0.04921875 0.08046875
2 0.40546875 0.50078125 0.03984375 0.04140625
2 0.3796875 0.621875 0.04296875 0.0546875
2 0.62109375 0.32578125 0.0328125 0.0546875
2 0.5 0.6265625 0.034375 0.075
2 0.8578125 0.43984375 0.06328125 0.07734375
2 0.96875 0.28671875 0.034375 0.0734375
2 0.97265625 0.21953125 0.03125 0.06015625
2 0.64921875 0.7234375 0.06015625 0.05859375
2 0.4421875 0.88515625 0.06015625 0.071875
2 0.13125 0.7828125 0.0328125 0.15234375
2 0.14140625 0.57265625 0.02734375 0.090625
2 0.13515625 0.359375 0.06875 0.20703125
2 0.01484375 0.10703125 0.0296875 0.0921875
2 0.29921875 0.70078125 0.05 0.06640625