2 0.29100802791687475 0.26015625 0.14986306699689197 0.13125
2 0.3696037930134679 0.56875 0.19216188296032666 0.1671875
2 0.557741532055213 0.8234375 0.09233735731976367 0.0703125
2 0.5946315641059171 0.70234375 0.11279971463952716 0.140625
2 0.6707466461994023 0.8796875 0.05480312406898662 0.103125
2 0.6999398023190928 0.65546875 0.06119867328319835 0.10625
2 0.6746573201017732 0.52734375 0.09248721463952717 0.140625
2 0.6347944152204277 0.259375 0.1114897717116218 0.1125
2 0.43371991273922833 0.29921875 0.10494867328319835 0.10625
2 0.5878916441279785 0.12578125 0.08154971463952716 0.140625
2 0.5198201943756475 0.02734375 0.08223461124870504 0.0546875
2 0.34719602357364854 0.09375 0.19154545285270289 0.1875
2 0.4466755994663899 0.84296875 0.10531254631872748 0.1140625
2 0.5013161734925953 0.44140625 0.06170378742738745 0.05
2 0.2439745543860074 0.46484375 0.04724318114108117 0.075
2 0.3489895401179838 0.4578125 0.08477741439185812 0.0421875