2 0.8236849562499999 0.35424807343750003 0.692307003125 0.376950740625 0.7011547499999999 0.417412396875 0.8219705125000001 0.391057890625 0.8236849562499999 0.35424807343750003
2 0.5865898125 0.34247731875 0.57705200625 0.38266757500000004 0.7006065984375 0.3633453515625 0.6957480390625 0.33598835312499997 0.5865898125 0.34247731875
2 0.3411950703125 0.34431195468750003 0.33564645312499997 0.397606871875 0.5268015203124999 0.408187878125 0.52837309375 0.374445546875 0.3411950703125 0.34431195468750003
2 0.8799291710113959 0.44448230969773894 0.19705909057054072 0.045458374524298864
2 0.6671915765119139 0.474984187682079 0.19095463978475227 0.04832870653952135
2 0.6934051660489973 0.5316188482524827 0.11395549214211727 0.03583402372599629
2 0.5548157009951853 0.5271289609137836 0.10018409057054053 0.04151102076024671
2 0.40799635897690256 0.5151767420541535 0.10934076674922295 0.037205522737412976
2 0.3446273717971842 0.46941325589431804 0.1065068651776464 0.04332818874502422
2 0.26542786931598483 0.5124085222059404 0.12434933664159917 0.05809102570316256
2 0.17387391604899718 0.5527881244871178 0.09778683664159918 0.057008686767857954
2 0.08648523201243193 0.5204796432701982 0.09066354135632886 0.03800401878308044
2 0.24461240922457167 0.42358344414505067 0.08975601282028159 0.052002851786885886
2 0.14794077047327664 0.3729387984033945 0.09139128742738745 0.05362901878308035
2 0.010690212263026293 0.3687672460456673 0.021380424526052585 0.04840300790866543