2 0.4414945921875 0.2846607671875 0.42084562343750004 0.16961652031250002 0.38544739375 0.16961652031250002 0.40216322499999996 0.29498525 0.4414945921875 0.2846607671875
2 0.38938053125 0.28761061875 0.3628318578125 0.293510325 0.3647984265625 0.3982300890625 0.40314650937499996 0.40560471875 0.38938053125 0.28761061875
2 0.4257620453125 0.45280236093750004 0.39331366874999996 0.45280236093750004 0.356932153125 0.6342182890625 0.40806293125000004 0.6371681421875001 0.4257620453125 0.45280236093750004
2 0.4765625 0.10546875 0.0375 0.20234375
2 0.4953125 0.31484375 0.0390625 0.18125
2 0.55078125 0.28671875 0.03046875 0.1078125
2 0.54140625 0.4203125 0.03671875 0.09453125
2 0.52421875 0.56171875 0.03125 0.103125
2 0.478125 0.625 0.0375 0.1
2 0.515625 0.7 0.05 0.11640625
2 0.55078125 0.7859375 0.05 0.09140625
2 0.51640625 0.871875 0.0328125 0.0859375
2 0.42890625 0.7234375 0.04609375 0.084375
2 0.3765625 0.81875 0.046875 0.0859375
2 0.3671875 0.97109375 0.04453125 0.0578125