2 0.08659600350650296 0.5498685360275166 0.08601274310259503 0.03419643992586607
2 0.03175353177349135 0.491440966334736 0.0635070635469827 0.07336806733052796
2 0.014381246043271114 0.6871899759533828 0.02876249208654223 0.09124504809323426
2 0.2875919374731294 0.5834002547245054 0.08732293758467105 0.059196439925866075
2 0.3643348219147257 0.6516839740544663 0.09349105042954128 0.0578521947351895
2 0.4658497342846261 0.6192856471052915 0.04924972749876275 0.046949411069925694
2 0.6002723219147257 0.643444855002507 0.06347600180902227 0.05056548439090349
2 0.28397004975217277 0.3846725780454831 0.06290279172311397 0.039627984390903405
2 0.6120430608334493 0.5081249138955146 0.08634029172311415 0.04044643992586607
2 0.4244124225466657 0.11540916815668378 0.09118492198083886 0.07336806733052796
2 0.25785676560383225 0.01027032268800552 0.08428646879233552 0.02054064537601104
2 0.18462398349165662 0.007509910436953493 0.06825203301668674 0.015019820873906986
2 0.7293577928547678 0.3379264865835201 0.06914614767057933 0.06947917549789598
2 0.8984884938955645 0.5628470971131408 0.08477114767057933 0.07002481252120454
2 0.7654248518791947 0.9145137792344586 0.17227779172311414 0.04344744355406327
2 0.530841811965103 0.9117881164352525 0.10320024310259512 0.03479664065150558
2 0.2921920697670191 0.927140331040708 0.23534435775648763 0.0862004279449664
2 0.6838860040723299 0.7294245058208138 0.07794793758467122 0.05886905771188111