2 0.29147546945479136 0.28721493816399335 0.14765677088084708 0.13779355357097228
2 0.3878338816297946 0.603477677430417 0.1884817587805987 0.17311411094166687
2 0.5924633360574714 0.8667992142838894 0.09104315651766229 0.0739843202884721
2 0.6229951976901814 0.7440890661075006 0.11021131303532491 0.14629573138263902
2 0.7099826341638773 0.926558033622431 0.05059996369925486 0.1042887629177777
2 0.728191236917793 0.6996688785121881 0.0584488251355733 0.11072060087368066
2 0.6954009419346449 0.5684545928929866 0.08833631303532492 0.14578658510611114
2 0.6406896742752515 0.2945618447928478 0.11002950585373235 0.115045731382639
2 0.43780102361132167 0.33045905793937536 0.1021897347764936 0.11017639342673621
2 0.5859925630353248 0.15736966289711854 0.07896131303532491 0.14556837955902785
2 0.5111465782588311 0.0478297023160421 0.08166815651766228 0.07376611474138896
2 0.33966700887879464 0.11179801728618084 0.18713742739850953 0.21057774335048624
2 0.48008151072550637 0.8844932477188893 0.10223518657189175 0.11798889342673605
2 0.5144231318261863 0.4767541361116324 0.06122839149054773 0.051418336056041625
2 0.2544032372123805 0.49413643218006964 0.04419542759490121 0.07758079255305557
2 0.36061687577606205 0.4903594283803475 0.08462953005422928 0.04571384992375016