2 0.39155870312499996 0.189076825 0.41352773281250005 0.3165442828125 0.4526680734375 0.3084320046875 0.4271670125 0.1911507734375 0.39155870312499996 0.189076825
2 0.3801856515625 0.4185217828125 0.4190644953125 0.4282090375 0.4003660015625 0.3083548828125 0.37390231093750004 0.312751803125 0.3801856515625 0.4185217828125
2 0.38197433125 0.6561561453125 0.43352982500000004 0.6621280375 0.443754575 0.47715310781250003 0.41111362500000004 0.4752519890625 0.38197433125 0.6561561453125
2 0.48070085475263546 0.129319104809914 0.04577670950527093 0.20530912628012438
2 0.5080777327369754 0.3421299179499762 0.048074038554743834 0.18517863680346808
2 0.5631817268054764 0.31728110737016274 0.035706689733607536 0.11119510523343692
2 0.5585008384781942 0.4510645731692957 0.041383686767857954 0.09749662628012441
2 0.547138868629981 0.5930322652909054 0.035452021748829846 0.10494510523343692
2 0.5036554654739509 0.6544101100715858 0.04163835475263546 0.1037466262801244
2 0.5442114812912818 0.7315942363517103 0.05477502471457925 0.12009966837349921
2 0.5837143330781677 0.8211873573701627 0.053756352775469196 0.09509966837349922
2 0.5528410178688592 0.905122741613382 0.036314184790691685 0.08784861049510866
2 0.45847956973229487 0.7507621943289225 0.05031301779449713 0.08710515785015556
2 0.4092382565001527 0.8429805154320796 0.0503766847906915 0.08866765785015573
2 0.4052577051310086 0.9826668287839034 0.045978344866803765 0.03466634243219317