2 0.8747272477225654 0.5293310481662338 0.07910714664195524 0.032219357756487634
2 0.9431250728576416 0.5898425022592482 0.08354167549789579 0.06988313206674715
2 0.9587177794889128 0.4115061403188891 0.0825644410221745 0.08739818068726599
2 0.6851637507177901 0.48274489597309866 0.07998016587924912 0.057219357756487635
2 0.6086260433687288 0.4124490061044355 0.08455853847458741 0.0543400192218769
2 0.5173661263083533 0.43418016395178005 0.04516865626060227 0.042917840343633176
2 0.3906572933687288 0.40102574796383506 0.05777778366526398 0.04669793758467104
2 0.7048562357416658 0.6670346867917016 0.057450401451278846 0.03732293758467105
2 0.3903348895551973 0.5257800864984459 0.0793799651536097 0.04003185775648745
2 0.5962079551564446 0.9054244001569703 0.08354167549789597 0.06988313206674732
2 0.2957094142347866 0.6744455585701417 0.06312004809323427 0.06569359905006031
2 0.12107396886662478 0.4524023829712583 0.07718254809323426 0.06643058344622813
2 0.21530259618646846 0.1360547659425165 0.15745040145127884 0.04256371551297518
2 0.43362601025161907 0.15763427408311687 0.09473214664195542 0.033038229307785105
2 0.6537202554422956 0.1629303629564119 0.2165724303072194 0.08309354025277602
2 0.9097296640651505 0.057814574285515584 0.09602182813030105 0.02530761646291486
2 0.3065426989963589 0.314736365897088 0.07060516587924912 0.056728034825709095